4 1765360744 1.000000 1 1.000000 1.000000 1.000000
5 1765360744 0.000000 1 0.000000 0.000000 0.000000
6 1765360744 0.000000 1 0.000000 0.000000 0.000000
7 1765360744 0.000000 1 0.000000 0.000000 0.000000
4 1765360745 1.000000 1 1.000000 1.000000 1.000000
5 1765360745 0.000000 1 0.000000 0.000000 0.000000
6 1765360745 0.000000 1 0.000000 0.000000 0.000000
7 1765360745 0.000000 1 0.000000 0.000000 0.000000
4 1765360746 1.000000 1 1.000000 1.000000 1.000000
5 1765360746 0.000000 1 0.000000 0.000000 0.000000
6 1765360746 0.000000 1 0.000000 0.000000 0.000000
7 1765360746 0.000000 1 0.000000 0.000000 0.000000
4 1765360747 1.000000 1 1.000000 1.000000 1.000000
5 1765360747 0.000000 1 0.000000 0.000000 0.000000
6 1765360747 0.000000 1 0.000000 0.000000 0.000000
7 1765360747 0.000000 1 0.000000 0.000000 0.000000
4 1765360748 1.000000 1 1.000000 1.000000 1.000000
5 1765360748 0.000000 1 0.000000 0.000000 0.000000
6 1765360748 0.000000 1 0.000000 0.000000 0.000000
7 1765360748 0.000000 1 0.000000 0.000000 0.000000
4 1765360749 1.000000 1 1.000000 1.000000 1.000000
5 1765360749 0.000000 1 0.000000 0.000000 0.000000
6 1765360749 0.000000 1 0.000000 0.000000 0.000000
7 1765360749 0.000000 1 0.000000 0.000000 0.000000
4 1765360750 1.000000 1 1.000000 1.000000 1.000000
5 1765360750 0.000000 1 0.000000 0.000000 0.000000
6 1765360750 0.000000 1 0.000000 0.000000 0.000000
7 1765360750 0.000000 1 0.000000 0.000000 0.000000
4 1765360751 1.000000 1 1.000000 1.000000 1.000000
5 1765360751 0.000000 1 0.000000 0.000000 0.000000
6 1765360751 0.000000 1 0.000000 0.000000 0.000000
7 1765360751 0.000000 1 0.000000 0.000000 0.000000
4 1765360752 1.000000 1 1.000000 1.000000 1.000000
5 1765360752 0.000000 1 0.000000 0.000000 0.000000
6 1765360752 0.000000 1 0.000000 0.000000 0.000000
7 1765360752 0.000000 1 0.000000 0.000000 0.000000
4 1765360753 1.000000 1 1.000000 1.000000 1.000000
5 1765360753 0.000000 1 0.000000 0.000000 0.000000
6 1765360753 0.000000 1 0.000000 0.000000 0.000000
7 1765360753 0.000000 1 0.000000 0.000000 0.000000
4 1765360754 1.000000 1 1.000000 1.000000 1.000000
5 1765360754 0.000000 1 0.000000 0.000000 0.000000
6 1765360754 0.000000 1 0.000000 0.000000 0.000000
7 1765360754 0.000000 1 0.000000 0.000000 0.000000
4 1765360755 1.000000 1 1.000000 1.000000 1.000000
5 1765360755 0.000000 1 0.000000 0.000000 0.000000
6 1765360755 0.000000 1 0.000000 0.000000 0.000000
7 1765360755 0.000000 1 0.000000 0.000000 0.000000
4 1765360756 2.000000 1 2.000000 2.000000 2.000000
5 1765360756 0.000000 1 0.000000 0.000000 0.000000
6 1765360756 0.000000 1 0.000000 0.000000 0.000000
7 1765360756 0.000000 1 0.000000 0.000000 0.000000
4 1765360757 2.000000 1 2.000000 2.000000 2.000000
5 1765360757 0.000000 1 0.000000 0.000000 0.000000
6 1765360757 0.000000 1 0.000000 0.000000 0.000000
7 1765360757 0.000000 1 0.000000 0.000000 0.000000
4 1765360758 2.000000 1 2.000000 2.000000 2.000000
5 1765360758 0.000000 1 0.000000 0.000000 0.000000
6 1765360758 0.000000 1 0.000000 0.000000 0.000000
7 1765360758 0.000000 1 0.000000 0.000000 0.000000
4 1765360759 2.000000 1 2.000000 2.000000 2.000000
5 1765360759 0.000000 1 0.000000 0.000000 0.000000
6 1765360759 0.000000 1 0.000000 0.000000 0.000000
7 1765360759 0.000000 1 0.000000 0.000000 0.000000
4 1765360760 2.000000 1 2.000000 2.000000 2.000000
5 1765360760 0.000000 1 0.000000 0.000000 0.000000
6 1765360760 0.000000 1 0.000000 0.000000 0.000000
7 1765360760 0.000000 1 0.000000 0.000000 0.000000
4 1765360761 2.000000 1 2.000000 2.000000 2.000000
5 1765360761 0.000000 1 0.000000 0.000000 0.000000
6 1765360761 0.000000 1 0.000000 0.000000 0.000000
7 1765360761 0.000000 1 0.000000 0.000000 0.000000
4 1765360762 2.000000 1 2.000000 2.000000 2.000000
5 1765360762 0.000000 1 0.000000 0.000000 0.000000
6 1765360762 0.000000 1 0.000000 0.000000 0.000000
7 1765360762 0.000000 1 0.000000 0.000000 0.000000
4 1765360763 2.000000 1 2.000000 2.000000 2.000000
5 1765360763 0.000000 1 0.000000 0.000000 0.000000
6 1765360763 0.000000 1 0.000000 0.000000 0.000000
7 1765360763 0.000000 1 0.000000 0.000000 0.000000
4 1765360764 2.000000 1 2.000000 2.000000 2.000000
5 1765360764 0.000000 1 0.000000 0.000000 0.000000
6 1765360764 0.000000 1 0.000000 0.000000 0.000000
7 1765360764 0.000000 1 0.000000 0.000000 0.000000
4 1765360765 2.000000 1 2.000000 2.000000 2.000000
5 1765360765 0.000000 1 0.000000 0.000000 0.000000
6 1765360765 0.000000 1 0.000000 0.000000 0.000000
7 1765360765 0.000000 1 0.000000 0.000000 0.000000
4 1765360766 2.000000 1 2.000000 2.000000 2.000000
5 1765360766 0.000000 1 0.000000 0.000000 0.000000
6 1765360766 0.000000 1 0.000000 0.000000 0.000000
7 1765360766 0.000000 1 0.000000 0.000000 0.000000
4 1765360767 2.000000 1 2.000000 2.000000 2.000000
5 1765360767 0.000000 1 0.000000 0.000000 0.000000
6 1765360767 0.000000 1 0.000000 0.000000 0.000000
7 1765360767 0.000000 1 0.000000 0.000000 0.000000
4 1765360768 3.000000 1 3.000000 3.000000 3.000000
5 1765360768 0.000000 1 0.000000 0.000000 0.000000
6 1765360768 0.000000 1 0.000000 0.000000 0.000000
7 1765360768 0.000000 1 0.000000 0.000000 0.000000
4 1765360769 3.000000 1 3.000000 3.000000 3.000000
5 1765360769 0.000000 1 0.000000 0.000000 0.000000
6 1765360769 0.000000 1 0.000000 0.000000 0.000000
7 1765360769 0.000000 1 0.000000 0.000000 0.000000
4 1765360770 3.000000 1 3.000000 3.000000 3.000000
5 1765360770 0.000000 1 0.000000 0.000000 0.000000
6 1765360770 0.000000 1 0.000000 0.000000 0.000000
7 1765360770 0.000000 1 0.000000 0.000000 0.000000
4 1765360771 3.000000 1 3.000000 3.000000 3.000000
5 1765360771 0.000000 1 0.000000 0.000000 0.000000
6 1765360771 0.000000 1 0.000000 0.000000 0.000000
7 1765360771 0.000000 1 0.000000 0.000000 0.000000
4 1765360772 3.000000 1 3.000000 3.000000 3.000000
5 1765360772 0.000000 1 0.000000 0.000000 0.000000
6 1765360772 0.000000 1 0.000000 0.000000 0.000000
7 1765360772 0.000000 1 0.000000 0.000000 0.000000
4 1765360773 3.000000 1 3.000000 3.000000 3.000000
5 1765360773 0.000000 1 0.000000 0.000000 0.000000
6 1765360773 0.000000 1 0.000000 0.000000 0.000000
7 1765360773 0.000000 1 0.000000 0.000000 0.000000
4 1765360774 3.000000 1 3.000000 3.000000 3.000000
5 1765360774 0.000000 1 0.000000 0.000000 0.000000
6 1765360774 0.000000 1 0.000000 0.000000 0.000000
7 1765360774 0.000000 1 0.000000 0.000000 0.000000
4 1765360775 3.000000 1 3.000000 3.000000 3.000000
5 1765360775 0.000000 1 0.000000 0.000000 0.000000
6 1765360775 0.000000 1 0.000000 0.000000 0.000000
7 1765360775 0.000000 1 0.000000 0.000000 0.000000
4 1765360776 3.000000 1 3.000000 3.000000 3.000000
5 1765360776 0.000000 1 0.000000 0.000000 0.000000
6 1765360776 0.000000 1 0.000000 0.000000 0.000000
7 1765360776 0.000000 1 0.000000 0.000000 0.000000
4 1765360777 3.000000 1 3.000000 3.000000 3.000000
5 1765360777 0.000000 1 0.000000 0.000000 0.000000
6 1765360777 0.000000 1 0.000000 0.000000 0.000000
7 1765360777 0.000000 1 0.000000 0.000000 0.000000
4 1765360778 3.000000 1 3.000000 3.000000 3.000000
5 1765360778 0.000000 1 0.000000 0.000000 0.000000
6 1765360778 0.000000 1 0.000000 0.000000 0.000000
7 1765360778 0.000000 1 0.000000 0.000000 0.000000
4 1765360779 3.000000 1 3.000000 3.000000 3.000000
5 1765360779 0.000000 1 0.000000 0.000000 0.000000
6 1765360779 0.000000 1 0.000000 0.000000 0.000000
7 1765360779 0.000000 1 0.000000 0.000000 0.000000
4 1765360780 4.000000 1 4.000000 4.000000 4.000000
5 1765360780 0.000000 1 0.000000 0.000000 0.000000
6 1765360780 0.000000 1 0.000000 0.000000 0.000000
7 1765360780 0.000000 1 0.000000 0.000000 0.000000
4 1765360781 4.000000 1 4.000000 4.000000 4.000000
5 1765360781 0.000000 1 0.000000 0.000000 0.000000
6 1765360781 0.000000 1 0.000000 0.000000 0.000000
7 1765360781 0.000000 1 0.000000 0.000000 0.000000
4 1765360782 4.000000 1 4.000000 4.000000 4.000000
5 1765360782 0.000000 1 0.000000 0.000000 0.000000
6 1765360782 0.000000 1 0.000000 0.000000 0.000000
7 1765360782 0.000000 1 0.000000 0.000000 0.000000
4 1765360783 4.000000 1 4.000000 4.000000 4.000000
5 1765360783 0.000000 1 0.000000 0.000000 0.000000
6 1765360783 0.000000 1 0.000000 0.000000 0.000000
7 1765360783 0.000000 1 0.000000 0.000000 0.000000
4 1765360784 4.000000 1 4.000000 4.000000 4.000000
5 1765360784 0.000000 1 0.000000 0.000000 0.000000
6 1765360784 0.000000 1 0.000000 0.000000 0.000000
7 1765360784 0.000000 1 0.000000 0.000000 0.000000
4 1765360786 4.000000 1 4.000000 4.000000 4.000000
5 1765360786 0.000000 1 0.000000 0.000000 0.000000
6 1765360786 0.000000 1 0.000000 0.000000 0.000000
7 1765360786 0.000000 1 0.000000 0.000000 0.000000
4 1765360787 4.000000 1 4.000000 4.000000 4.000000
5 1765360787 0.000000 1 0.000000 0.000000 0.000000
6 1765360787 0.000000 1 0.000000 0.000000 0.000000
7 1765360787 0.000000 1 0.000000 0.000000 0.000000
4 1765360788 4.000000 1 4.000000 4.000000 4.000000
5 1765360788 0.000000 1 0.000000 0.000000 0.000000
6 1765360788 0.000000 1 0.000000 0.000000 0.000000
7 1765360788 0.000000 1 0.000000 0.000000 0.000000
4 1765360789 4.000000 1 4.000000 4.000000 4.000000
5 1765360789 0.000000 1 0.000000 0.000000 0.000000
6 1765360789 0.000000 1 0.000000 0.000000 0.000000
7 1765360789 0.000000 1 0.000000 0.000000 0.000000
4 1765360790 4.000000 1 4.000000 4.000000 4.000000
5 1765360790 0.000000 1 0.000000 0.000000 0.000000
6 1765360790 0.000000 1 0.000000 0.000000 0.000000
7 1765360790 0.000000 1 0.000000 0.000000 0.000000
4 1765360791 4.000000 1 4.000000 4.000000 4.000000
5 1765360791 0.000000 1 0.000000 0.000000 0.000000
6 1765360791 0.000000 1 0.000000 0.000000 0.000000
7 1765360791 0.000000 1 0.000000 0.000000 0.000000
4 1765360792 4.000000 1 4.000000 4.000000 4.000000
5 1765360792 1.000000 1 1.000000 1.000000 1.000000
6 1765360792 0.000000 1 0.000000 0.000000 0.000000
7 1765360792 0.000000 1 0.000000 0.000000 0.000000
4 1765360793 5.000000 1 5.000000 5.000000 5.000000
5 1765360793 0.000000 1 0.000000 0.000000 0.000000
6 1765360793 0.000000 1 0.000000 0.000000 0.000000
7 1765360793 0.000000 1 0.000000 0.000000 0.000000
4 1765360794 5.000000 1 5.000000 5.000000 5.000000
5 1765360794 0.000000 1 0.000000 0.000000 0.000000
6 1765360794 0.000000 1 0.000000 0.000000 0.000000
7 1765360794 0.000000 1 0.000000 0.000000 0.000000
4 1765360795 5.000000 1 5.000000 5.000000 5.000000
5 1765360795 0.000000 1 0.000000 0.000000 0.000000
6 1765360795 0.000000 1 0.000000 0.000000 0.000000
7 1765360795 0.000000 1 0.000000 0.000000 0.000000
4 1765360796 5.000000 1 5.000000 5.000000 5.000000
5 1765360796 0.000000 1 0.000000 0.000000 0.000000
6 1765360796 0.000000 1 0.000000 0.000000 0.000000
7 1765360796 0.000000 1 0.000000 0.000000 0.000000
4 1765360797 5.000000 1 5.000000 5.000000 5.000000
5 1765360797 0.000000 1 0.000000 0.000000 0.000000
6 1765360797 0.000000 1 0.000000 0.000000 0.000000
7 1765360797 0.000000 1 0.000000 0.000000 0.000000
4 1765360798 5.000000 1 5.000000 5.000000 5.000000
5 1765360798 0.000000 1 0.000000 0.000000 0.000000
6 1765360798 0.000000 1 0.000000 0.000000 0.000000
7 1765360798 0.000000 1 0.000000 0.000000 0.000000
4 1765360799 5.000000 1 5.000000 5.000000 5.000000
5 1765360799 0.000000 1 0.000000 0.000000 0.000000
6 1765360799 0.000000 1 0.000000 0.000000 0.000000
7 1765360799 0.000000 1 0.000000 0.000000 0.000000
4 1765360800 5.000000 1 5.000000 5.000000 5.000000
5 1765360800 0.000000 1 0.000000 0.000000 0.000000
6 1765360800 0.000000 1 0.000000 0.000000 0.000000
7 1765360800 0.000000 1 0.000000 0.000000 0.000000
4 1765360801 5.000000 1 5.000000 5.000000 5.000000
5 1765360801 0.000000 1 0.000000 0.000000 0.000000
6 1765360801 0.000000 1 0.000000 0.000000 0.000000
7 1765360801 0.000000 1 0.000000 0.000000 0.000000
4 1765360802 5.000000 1 5.000000 5.000000 5.000000
5 1765360802 0.000000 1 0.000000 0.000000 0.000000
6 1765360802 0.000000 1 0.000000 0.000000 0.000000
7 1765360802 0.000000 1 0.000000 0.000000 0.000000
4 1765360803 5.000000 1 5.000000 5.000000 5.000000
5 1765360803 0.000000 1 0.000000 0.000000 0.000000
6 1765360803 0.000000 1 0.000000 0.000000 0.000000
7 1765360803 0.000000 1 0.000000 0.000000 0.000000
4 1765360804 6.000000 1 6.000000 6.000000 6.000000
5 1765360804 0.000000 1 0.000000 0.000000 0.000000
6 1765360804 0.000000 1 0.000000 0.000000 0.000000
7 1765360804 0.000000 1 0.000000 0.000000 0.000000
4 1765360805 6.000000 1 6.000000 6.000000 6.000000
5 1765360805 0.000000 1 0.000000 0.000000 0.000000
6 1765360805 0.000000 1 0.000000 0.000000 0.000000
7 1765360805 0.000000 1 0.000000 0.000000 0.000000
4 1765360806 6.000000 1 6.000000 6.000000 6.000000
5 1765360806 0.000000 1 0.000000 0.000000 0.000000
6 1765360806 0.000000 1 0.000000 0.000000 0.000000
7 1765360806 0.000000 1 0.000000 0.000000 0.000000
4 1765360807 6.000000 1 6.000000 6.000000 6.000000
5 1765360807 0.000000 1 0.000000 0.000000 0.000000
6 1765360807 0.000000 1 0.000000 0.000000 0.000000
7 1765360807 0.000000 1 0.000000 0.000000 0.000000
4 1765360808 6.000000 1 6.000000 6.000000 6.000000
5 1765360808 0.000000 1 0.000000 0.000000 0.000000
6 1765360808 0.000000 1 0.000000 0.000000 0.000000
7 1765360808 0.000000 1 0.000000 0.000000 0.000000
4 1765360809 6.000000 1 6.000000 6.000000 6.000000
5 1765360809 0.000000 1 0.000000 0.000000 0.000000
6 1765360809 0.000000 1 0.000000 0.000000 0.000000
7 1765360809 0.000000 1 0.000000 0.000000 0.000000
4 1765360810 6.000000 1 6.000000 6.000000 6.000000
5 1765360810 0.000000 1 0.000000 0.000000 0.000000
6 1765360810 0.000000 1 0.000000 0.000000 0.000000
7 1765360810 0.000000 1 0.000000 0.000000 0.000000
4 1765360811 6.000000 1 6.000000 6.000000 6.000000
5 1765360811 0.000000 1 0.000000 0.000000 0.000000
6 1765360811 0.000000 1 0.000000 0.000000 0.000000
7 1765360811 0.000000 1 0.000000 0.000000 0.000000
4 1765360812 6.000000 1 6.000000 6.000000 6.000000
5 1765360812 0.000000 1 0.000000 0.000000 0.000000
6 1765360812 0.000000 1 0.000000 0.000000 0.000000
7 1765360812 0.000000 1 0.000000 0.000000 0.000000
4 1765360813 6.000000 1 6.000000 6.000000 6.000000
5 1765360813 0.000000 1 0.000000 0.000000 0.000000
6 1765360813 0.000000 1 0.000000 0.000000 0.000000
7 1765360813 0.000000 1 0.000000 0.000000 0.000000
4 1765360814 6.000000 1 6.000000 6.000000 6.000000
5 1765360814 0.000000 1 0.000000 0.000000 0.000000
6 1765360814 0.000000 1 0.000000 0.000000 0.000000
7 1765360814 0.000000 1 0.000000 0.000000 0.000000
4 1765360815 6.000000 1 6.000000 6.000000 6.000000
5 1765360815 0.000000 1 0.000000 0.000000 0.000000
6 1765360815 0.000000 1 0.000000 0.000000 0.000000
7 1765360815 0.000000 1 0.000000 0.000000 0.000000
4 1765360816 7.000000 1 7.000000 7.000000 7.000000
5 1765360816 0.000000 1 0.000000 0.000000 0.000000
6 1765360816 0.000000 1 0.000000 0.000000 0.000000
7 1765360816 0.000000 1 0.000000 0.000000 0.000000
4 1765360817 7.000000 1 7.000000 7.000000 7.000000
5 1765360817 0.000000 1 0.000000 0.000000 0.000000
6 1765360817 0.000000 1 0.000000 0.000000 0.000000
7 1765360817 0.000000 1 0.000000 0.000000 0.000000
4 1765360818 7.000000 1 7.000000 7.000000 7.000000
5 1765360818 0.000000 1 0.000000 0.000000 0.000000
6 1765360818 0.000000 1 0.000000 0.000000 0.000000
7 1765360818 0.000000 1 0.000000 0.000000 0.000000
4 1765360819 7.000000 1 7.000000 7.000000 7.000000
5 1765360819 0.000000 1 0.000000 0.000000 0.000000
6 1765360819 0.000000 1 0.000000 0.000000 0.000000
7 1765360819 0.000000 1 0.000000 0.000000 0.000000
4 1765360820 7.000000 1 7.000000 7.000000 7.000000
5 1765360820 0.000000 1 0.000000 0.000000 0.000000
6 1765360820 0.000000 1 0.000000 0.000000 0.000000
7 1765360820 0.000000 1 0.000000 0.000000 0.000000
4 1765360821 7.000000 1 7.000000 7.000000 7.000000
5 1765360821 0.000000 1 0.000000 0.000000 0.000000
6 1765360821 0.000000 1 0.000000 0.000000 0.000000
7 1765360821 0.000000 1 0.000000 0.000000 0.000000
4 1765360822 7.000000 1 7.000000 7.000000 7.000000
5 1765360822 0.000000 1 0.000000 0.000000 0.000000
6 1765360822 0.000000 1 0.000000 0.000000 0.000000
7 1765360822 0.000000 1 0.000000 0.000000 0.000000
4 1765360823 7.000000 1 7.000000 7.000000 7.000000
5 1765360823 0.000000 1 0.000000 0.000000 0.000000
6 1765360823 0.000000 1 0.000000 0.000000 0.000000
7 1765360823 0.000000 1 0.000000 0.000000 0.000000
4 1765360824 7.000000 1 7.000000 7.000000 7.000000
5 1765360824 0.000000 1 0.000000 0.000000 0.000000
6 1765360824 0.000000 1 0.000000 0.000000 0.000000
7 1765360824 0.000000 1 0.000000 0.000000 0.000000
4 1765360825 7.000000 1 7.000000 7.000000 7.000000
5 1765360825 0.000000 1 0.000000 0.000000 0.000000
6 1765360825 0.000000 1 0.000000 0.000000 0.000000
7 1765360825 0.000000 1 0.000000 0.000000 0.000000
4 1765360826 7.000000 1 7.000000 7.000000 7.000000
5 1765360826 0.000000 1 0.000000 0.000000 0.000000
6 1765360826 0.000000 1 0.000000 0.000000 0.000000
7 1765360826 0.000000 1 0.000000 0.000000 0.000000
4 1765360827 7.000000 1 7.000000 7.000000 7.000000
5 1765360827 0.000000 1 0.000000 0.000000 0.000000
6 1765360827 0.000000 1 0.000000 0.000000 0.000000
7 1765360827 0.000000 1 0.000000 0.000000 0.000000
4 1765360828 8.000000 1 8.000000 8.000000 8.000000
5 1765360828 0.000000 1 0.000000 0.000000 0.000000
6 1765360828 0.000000 1 0.000000 0.000000 0.000000
7 1765360828 0.000000 1 0.000000 0.000000 0.000000
4 1765360829 8.000000 1 8.000000 8.000000 8.000000
5 1765360829 0.000000 1 0.000000 0.000000 0.000000
6 1765360829 0.000000 1 0.000000 0.000000 0.000000
7 1765360829 0.000000 1 0.000000 0.000000 0.000000
4 1765360830 8.000000 1 8.000000 8.000000 8.000000
5 1765360830 0.000000 1 0.000000 0.000000 0.000000
6 1765360830 0.000000 1 0.000000 0.000000 0.000000
7 1765360830 0.000000 1 0.000000 0.000000 0.000000
4 1765360831 8.000000 1 8.000000 8.000000 8.000000
5 1765360831 0.000000 1 0.000000 0.000000 0.000000
6 1765360831 0.000000 1 0.000000 0.000000 0.000000
7 1765360831 0.000000 1 0.000000 0.000000 0.000000
4 1765360832 8.000000 1 8.000000 8.000000 8.000000
5 1765360832 0.000000 1 0.000000 0.000000 0.000000
6 1765360832 0.000000 1 0.000000 0.000000 0.000000
7 1765360832 0.000000 1 0.000000 0.000000 0.000000
4 1765360833 8.000000 1 8.000000 8.000000 8.000000
5 1765360833 0.000000 1 0.000000 0.000000 0.000000
6 1765360833 0.000000 1 0.000000 0.000000 0.000000
7 1765360833 0.000000 1 0.000000 0.000000 0.000000
4 1765360834 8.000000 1 8.000000 8.000000 8.000000
5 1765360834 0.000000 1 0.000000 0.000000 0.000000
6 1765360834 0.000000 1 0.000000 0.000000 0.000000
7 1765360834 0.000000 1 0.000000 0.000000 0.000000
4 1765360835 8.000000 1 8.000000 8.000000 8.000000
5 1765360835 0.000000 1 0.000000 0.000000 0.000000
6 1765360835 0.000000 1 0.000000 0.000000 0.000000
7 1765360835 0.000000 1 0.000000 0.000000 0.000000
4 1765360836 8.000000 1 8.000000 8.000000 8.000000
5 1765360836 0.000000 1 0.000000 0.000000 0.000000
6 1765360836 0.000000 1 0.000000 0.000000 0.000000
7 1765360836 0.000000 1 0.000000 0.000000 0.000000
4 1765360837 8.000000 1 8.000000 8.000000 8.000000
5 1765360837 0.000000 1 0.000000 0.000000 0.000000
6 1765360837 0.000000 1 0.000000 0.000000 0.000000
7 1765360837 0.000000 1 0.000000 0.000000 0.000000
4 1765360838 8.000000 1 8.000000 8.000000 8.000000
5 1765360838 0.000000 1 0.000000 0.000000 0.000000
6 1765360838 0.000000 1 0.000000 0.000000 0.000000
7 1765360838 0.000000 1 0.000000 0.000000 0.000000
4 1765360839 8.000000 1 8.000000 8.000000 8.000000
5 1765360839 0.000000 1 0.000000 0.000000 0.000000
6 1765360839 0.000000 1 0.000000 0.000000 0.000000
7 1765360839 0.000000 1 0.000000 0.000000 0.000000
4 1765360840 9.000000 1 9.000000 9.000000 9.000000
5 1765360840 0.000000 1 0.000000 0.000000 0.000000
6 1765360840 0.000000 1 0.000000 0.000000 0.000000
7 1765360840 0.000000 1 0.000000 0.000000 0.000000
4 1765360841 9.000000 1 9.000000 9.000000 9.000000
5 1765360841 0.000000 1 0.000000 0.000000 0.000000
6 1765360841 0.000000 1 0.000000 0.000000 0.000000
7 1765360841 0.000000 1 0.000000 0.000000 0.000000
4 1765360842 9.000000 1 9.000000 9.000000 9.000000
5 1765360842 0.000000 1 0.000000 0.000000 0.000000
6 1765360842 0.000000 1 0.000000 0.000000 0.000000
7 1765360842 0.000000 1 0.000000 0.000000 0.000000
4 1765360843 9.000000 1 9.000000 9.000000 9.000000
5 1765360843 0.000000 1 0.000000 0.000000 0.000000
6 1765360843 0.000000 1 0.000000 0.000000 0.000000
7 1765360843 0.000000 1 0.000000 0.000000 0.000000
4 1765360844 9.000000 1 9.000000 9.000000 9.000000
5 1765360844 0.000000 1 0.000000 0.000000 0.000000
6 1765360844 0.000000 1 0.000000 0.000000 0.000000
7 1765360844 0.000000 1 0.000000 0.000000 0.000000
4 1765360845 9.000000 1 9.000000 9.000000 9.000000
5 1765360845 0.000000 1 0.000000 0.000000 0.000000
6 1765360845 0.000000 1 0.000000 0.000000 0.000000
7 1765360845 0.000000 1 0.000000 0.000000 0.000000
4 1765360846 9.000000 1 9.000000 9.000000 9.000000
5 1765360846 0.000000 1 0.000000 0.000000 0.000000
6 1765360846 0.000000 1 0.000000 0.000000 0.000000
7 1765360846 0.000000 1 0.000000 0.000000 0.000000
4 1765360847 9.000000 1 9.000000 9.000000 9.000000
5 1765360847 0.000000 1 0.000000 0.000000 0.000000
6 1765360847 0.000000 1 0.000000 0.000000 0.000000
7 1765360847 0.000000 1 0.000000 0.000000 0.000000
4 1765360848 9.000000 1 9.000000 9.000000 9.000000
5 1765360848 0.000000 1 0.000000 0.000000 0.000000
6 1765360848 0.000000 1 0.000000 0.000000 0.000000
7 1765360848 0.000000 1 0.000000 0.000000 0.000000
4 1765360849 9.000000 1 9.000000 9.000000 9.000000
5 1765360849 0.000000 1 0.000000 0.000000 0.000000
6 1765360849 0.000000 1 0.000000 0.000000 0.000000
7 1765360849 0.000000 1 0.000000 0.000000 0.000000
4 1765360851 9.000000 1 9.000000 9.000000 9.000000
5 1765360851 0.000000 1 0.000000 0.000000 0.000000
6 1765360851 0.000000 1 0.000000 0.000000 0.000000
7 1765360851 0.000000 1 0.000000 0.000000 0.000000
4 1765360852 9.000000 1 9.000000 9.000000 9.000000
5 1765360852 0.000000 1 0.000000 0.000000 0.000000
6 1765360852 0.000000 1 0.000000 0.000000 0.000000
7 1765360852 0.000000 1 0.000000 0.000000 0.000000
4 1765360853 10.000000 1 10.000000 10.000000 10.000000
5 1765360853 0.000000 1 0.000000 0.000000 0.000000
6 1765360853 0.000000 1 0.000000 0.000000 0.000000
7 1765360853 0.000000 1 0.000000 0.000000 0.000000
4 1765360854 10.000000 1 10.000000 10.000000 10.000000
5 1765360854 0.000000 1 0.000000 0.000000 0.000000
6 1765360854 0.000000 1 0.000000 0.000000 0.000000
7 1765360854 0.000000 1 0.000000 0.000000 0.000000
4 1765360855 10.000000 1 10.000000 10.000000 10.000000
5 1765360855 0.000000 1 0.000000 0.000000 0.000000
6 1765360855 0.000000 1 0.000000 0.000000 0.000000
7 1765360855 0.000000 1 0.000000 0.000000 0.000000
4 1765360856 10.000000 1 10.000000 10.000000 10.000000
5 1765360856 0.000000 1 0.000000 0.000000 0.000000
6 1765360856 0.000000 1 0.000000 0.000000 0.000000
7 1765360856 0.000000 1 0.000000 0.000000 0.000000
4 1765360857 10.000000 1 10.000000 10.000000 10.000000
5 1765360857 0.000000 1 0.000000 0.000000 0.000000
6 1765360857 0.000000 1 0.000000 0.000000 0.000000
7 1765360857 0.000000 1 0.000000 0.000000 0.000000
4 1765360858 10.000000 1 10.000000 10.000000 10.000000
5 1765360858 0.000000 1 0.000000 0.000000 0.000000
6 1765360858 0.000000 1 0.000000 0.000000 0.000000
7 1765360858 0.000000 1 0.000000 0.000000 0.000000
4 1765360859 10.000000 1 10.000000 10.000000 10.000000
5 1765360859 0.000000 1 0.000000 0.000000 0.000000
6 1765360859 0.000000 1 0.000000 0.000000 0.000000
7 1765360859 0.000000 1 0.000000 0.000000 0.000000
4 1765360860 10.000000 1 10.000000 10.000000 10.000000
5 1765360860 0.000000 1 0.000000 0.000000 0.000000
6 1765360860 0.000000 1 0.000000 0.000000 0.000000
7 1765360860 0.000000 1 0.000000 0.000000 0.000000
4 1765360861 10.000000 1 10.000000 10.000000 10.000000
5 1765360861 0.000000 1 0.000000 0.000000 0.000000
6 1765360861 0.000000 1 0.000000 0.000000 0.000000
7 1765360861 0.000000 1 0.000000 0.000000 0.000000
4 1765360862 10.000000 1 10.000000 10.000000 10.000000
5 1765360862 0.000000 1 0.000000 0.000000 0.000000
6 1765360862 0.000000 1 0.000000 0.000000 0.000000
7 1765360862 0.000000 1 0.000000 0.000000 0.000000
4 1765360863 10.000000 1 10.000000 10.000000 10.000000
5 1765360863 0.000000 1 0.000000 0.000000 0.000000
6 1765360863 0.000000 1 0.000000 0.000000 0.000000
7 1765360863 0.000000 1 0.000000 0.000000 0.000000
4 1765360864 10.000000 1 10.000000 10.000000 10.000000
5 1765360864 0.000000 1 0.000000 0.000000 0.000000
6 1765360864 0.000000 1 0.000000 0.000000 0.000000
7 1765360864 0.000000 1 0.000000 0.000000 0.000000
4 1765360865 10.000000 1 10.000000 10.000000 10.000000
5 1765360865 0.000000 1 0.000000 0.000000 0.000000
6 1765360865 0.000000 1 0.000000 0.000000 0.000000
7 1765360865 0.000000 1 0.000000 0.000000 0.000000
4 1765360866 10.000000 1 10.000000 10.000000 10.000000
5 1765360866 0.000000 1 0.000000 0.000000 0.000000
6 1765360866 0.000000 1 0.000000 0.000000 0.000000
7 1765360866 0.000000 1 0.000000 0.000000 0.000000
4 1765360867 10.000000 1 10.000000 10.000000 10.000000
5 1765360867 0.000000 1 0.000000 0.000000 0.000000
6 1765360867 0.000000 1 0.000000 0.000000 0.000000
7 1765360867 0.000000 1 0.000000 0.000000 0.000000
4 1765360868 10.000000 1 10.000000 10.000000 10.000000
5 1765360868 0.000000 1 0.000000 0.000000 0.000000
6 1765360868 0.000000 1 0.000000 0.000000 0.000000
7 1765360868 0.000000 1 0.000000 0.000000 0.000000
4 1765360869 10.000000 1 10.000000 10.000000 10.000000
5 1765360869 0.000000 1 0.000000 0.000000 0.000000
6 1765360869 0.000000 1 0.000000 0.000000 0.000000
7 1765360869 0.000000 1 0.000000 0.000000 0.000000
4 1765360870 10.000000 1 10.000000 10.000000 10.000000
5 1765360870 0.000000 1 0.000000 0.000000 0.000000
6 1765360870 0.000000 1 0.000000 0.000000 0.000000
7 1765360870 0.000000 1 0.000000 0.000000 0.000000
4 1765360871 10.000000 1 10.000000 10.000000 10.000000
5 1765360871 0.000000 1 0.000000 0.000000 0.000000
6 1765360871 0.000000 1 0.000000 0.000000 0.000000
7 1765360871 0.000000 1 0.000000 0.000000 0.000000
4 1765360872 10.000000 1 10.000000 10.000000 10.000000
5 1765360872 0.000000 1 0.000000 0.000000 0.000000
6 1765360872 0.000000 1 0.000000 0.000000 0.000000
7 1765360872 0.000000 1 0.000000 0.000000 0.000000
4 1765360873 10.000000 1 10.000000 10.000000 10.000000
5 1765360873 0.000000 1 0.000000 0.000000 0.000000
6 1765360873 0.000000 1 0.000000 0.000000 0.000000
7 1765360873 0.000000 1 0.000000 0.000000 0.000000
4 1765360874 10.000000 1 10.000000 10.000000 10.000000
5 1765360874 0.000000 1 0.000000 0.000000 0.000000
6 1765360874 0.000000 1 0.000000 0.000000 0.000000
7 1765360874 0.000000 1 0.000000 0.000000 0.000000
4 1765360875 10.000000 1 10.000000 10.000000 10.000000
5 1765360875 0.000000 1 0.000000 0.000000 0.000000
6 1765360875 0.000000 1 0.000000 0.000000 0.000000
7 1765360875 0.000000 1 0.000000 0.000000 0.000000
4 1765360876 10.000000 1 10.000000 10.000000 10.000000
5 1765360876 0.000000 1 0.000000 0.000000 0.000000
6 1765360876 0.000000 1 0.000000 0.000000 0.000000
7 1765360876 0.000000 1 0.000000 0.000000 0.000000
4 1765360877 10.000000 1 10.000000 10.000000 10.000000
5 1765360877 0.000000 1 0.000000 0.000000 0.000000
6 1765360877 0.000000 1 0.000000 0.000000 0.000000
7 1765360877 0.000000 1 0.000000 0.000000 0.000000
4 1765360878 10.000000 1 10.000000 10.000000 10.000000
5 1765360878 0.000000 1 0.000000 0.000000 0.000000
6 1765360878 0.000000 1 0.000000 0.000000 0.000000
7 1765360878 0.000000 1 0.000000 0.000000 0.000000
4 1765360879 10.000000 1 10.000000 10.000000 10.000000
5 1765360879 0.000000 1 0.000000 0.000000 0.000000
6 1765360879 0.000000 1 0.000000 0.000000 0.000000
7 1765360879 0.000000 1 0.000000 0.000000 0.000000
4 1765360880 10.000000 1 10.000000 10.000000 10.000000
5 1765360880 0.000000 1 0.000000 0.000000 0.000000
6 1765360880 0.000000 1 0.000000 0.000000 0.000000
7 1765360880 0.000000 1 0.000000 0.000000 0.000000
4 1765360881 10.000000 1 10.000000 10.000000 10.000000
5 1765360881 0.000000 1 0.000000 0.000000 0.000000
6 1765360881 0.000000 1 0.000000 0.000000 0.000000
7 1765360881 0.000000 1 0.000000 0.000000 0.000000
4 1765360882 10.000000 1 10.000000 10.000000 10.000000
5 1765360882 0.000000 1 0.000000 0.000000 0.000000
6 1765360882 0.000000 1 0.000000 0.000000 0.000000
7 1765360882 0.000000 1 0.000000 0.000000 0.000000
4 1765360883 10.000000 1 10.000000 10.000000 10.000000
5 1765360883 0.000000 1 0.000000 0.000000 0.000000
6 1765360883 0.000000 1 0.000000 0.000000 0.000000
7 1765360883 0.000000 1 0.000000 0.000000 0.000000
4 1765360884 10.000000 1 10.000000 10.000000 10.000000
5 1765360884 0.000000 1 0.000000 0.000000 0.000000
6 1765360884 0.000000 1 0.000000 0.000000 0.000000
7 1765360884 0.000000 1 0.000000 0.000000 0.000000
4 1765360885 10.000000 1 10.000000 10.000000 10.000000
5 1765360885 0.000000 1 0.000000 0.000000 0.000000
6 1765360885 0.000000 1 0.000000 0.000000 0.000000
7 1765360885 0.000000 1 0.000000 0.000000 0.000000
4 1765360886 10.000000 1 10.000000 10.000000 10.000000
5 1765360886 0.000000 1 0.000000 0.000000 0.000000
6 1765360886 0.000000 1 0.000000 0.000000 0.000000
7 1765360886 0.000000 1 0.000000 0.000000 0.000000
4 1765360887 10.000000 1 10.000000 10.000000 10.000000
5 1765360887 0.000000 1 0.000000 0.000000 0.000000
6 1765360887 0.000000 1 0.000000 0.000000 0.000000
7 1765360887 0.000000 1 0.000000 0.000000 0.000000
4 1765360888 10.000000 1 10.000000 10.000000 10.000000
5 1765360888 0.000000 1 0.000000 0.000000 0.000000
6 1765360888 0.000000 1 0.000000 0.000000 0.000000
7 1765360888 0.000000 1 0.000000 0.000000 0.000000
4 1765360889 10.000000 1 10.000000 10.000000 10.000000
5 1765360889 0.000000 1 0.000000 0.000000 0.000000
6 1765360889 0.000000 1 0.000000 0.000000 0.000000
7 1765360889 0.000000 1 0.000000 0.000000 0.000000
4 1765360890 10.000000 1 10.000000 10.000000 10.000000
5 1765360890 0.000000 1 0.000000 0.000000 0.000000
6 1765360890 0.000000 1 0.000000 0.000000 0.000000
7 1765360890 0.000000 1 0.000000 0.000000 0.000000
4 1765360891 10.000000 1 10.000000 10.000000 10.000000
5 1765360891 0.000000 1 0.000000 0.000000 0.000000
6 1765360891 0.000000 1 0.000000 0.000000 0.000000
7 1765360891 0.000000 1 0.000000 0.000000 0.000000
4 1765360892 10.000000 1 10.000000 10.000000 10.000000
5 1765360892 0.000000 1 0.000000 0.000000 0.000000
6 1765360892 0.000000 1 0.000000 0.000000 0.000000
7 1765360892 0.000000 1 0.000000 0.000000 0.000000
4 1765360893 10.000000 1 10.000000 10.000000 10.000000
5 1765360893 0.000000 1 0.000000 0.000000 0.000000
6 1765360893 0.000000 1 0.000000 0.000000 0.000000
7 1765360893 0.000000 1 0.000000 0.000000 0.000000
4 1765360894 10.000000 1 10.000000 10.000000 10.000000
5 1765360894 0.000000 1 0.000000 0.000000 0.000000
6 1765360894 0.000000 1 0.000000 0.000000 0.000000
7 1765360894 0.000000 1 0.000000 0.000000 0.000000
4 1765360895 9.000000 1 9.000000 9.000000 9.000000
5 1765360895 0.000000 1 0.000000 0.000000 0.000000
6 1765360895 1.000000 1 1.000000 1.000000 1.000000
7 1765360895 0.000000 1 0.000000 0.000000 0.000000
4 1765360896 9.000000 1 9.000000 9.000000 9.000000
5 1765360896 0.000000 1 0.000000 0.000000 0.000000
6 1765360896 1.000000 1 1.000000 1.000000 1.000000
7 1765360896 0.000000 1 0.000000 0.000000 0.000000
4 1765360897 9.000000 1 9.000000 9.000000 9.000000
5 1765360897 0.000000 1 0.000000 0.000000 0.000000
6 1765360897 1.000000 1 1.000000 1.000000 1.000000
7 1765360897 0.000000 1 0.000000 0.000000 0.000000
4 1765360898 9.000000 1 9.000000 9.000000 9.000000
5 1765360898 0.000000 1 0.000000 0.000000 0.000000
6 1765360898 1.000000 1 1.000000 1.000000 1.000000
7 1765360898 0.000000 1 0.000000 0.000000 0.000000
4 1765360899 9.000000 1 9.000000 9.000000 9.000000
5 1765360899 0.000000 1 0.000000 0.000000 0.000000
6 1765360899 1.000000 1 1.000000 1.000000 1.000000
7 1765360899 0.000000 1 0.000000 0.000000 0.000000
4 1765360900 9.000000 1 9.000000 9.000000 9.000000
5 1765360900 0.000000 1 0.000000 0.000000 0.000000
6 1765360900 1.000000 1 1.000000 1.000000 1.000000
7 1765360900 0.000000 1 0.000000 0.000000 0.000000
4 1765360901 9.000000 1 9.000000 9.000000 9.000000
5 1765360901 0.000000 1 0.000000 0.000000 0.000000
6 1765360901 1.000000 1 1.000000 1.000000 1.000000
7 1765360901 0.000000 1 0.000000 0.000000 0.000000
4 1765360902 9.000000 1 9.000000 9.000000 9.000000
5 1765360902 0.000000 1 0.000000 0.000000 0.000000
6 1765360902 1.000000 1 1.000000 1.000000 1.000000
7 1765360902 0.000000 1 0.000000 0.000000 0.000000
4 1765360903 9.000000 1 9.000000 9.000000 9.000000
5 1765360903 0.000000 1 0.000000 0.000000 0.000000
6 1765360903 1.000000 1 1.000000 1.000000 1.000000
7 1765360903 0.000000 1 0.000000 0.000000 0.000000
4 1765360904 9.000000 1 9.000000 9.000000 9.000000
5 1765360904 0.000000 1 0.000000 0.000000 0.000000
6 1765360904 1.000000 1 1.000000 1.000000 1.000000
7 1765360904 0.000000 1 0.000000 0.000000 0.000000
4 1765360905 9.000000 1 9.000000 9.000000 9.000000
5 1765360905 0.000000 1 0.000000 0.000000 0.000000
6 1765360905 1.000000 1 1.000000 1.000000 1.000000
7 1765360905 0.000000 1 0.000000 0.000000 0.000000
4 1765360906 9.000000 1 9.000000 9.000000 9.000000
5 1765360906 0.000000 1 0.000000 0.000000 0.000000
6 1765360906 1.000000 1 1.000000 1.000000 1.000000
7 1765360906 0.000000 1 0.000000 0.000000 0.000000
4 1765360907 8.000000 1 8.000000 8.000000 8.000000
5 1765360907 0.000000 1 0.000000 0.000000 0.000000
6 1765360907 2.000000 1 2.000000 2.000000 2.000000
7 1765360907 0.000000 1 0.000000 0.000000 0.000000
4 1765360908 8.000000 1 8.000000 8.000000 8.000000
5 1765360908 0.000000 1 0.000000 0.000000 0.000000
6 1765360908 2.000000 1 2.000000 2.000000 2.000000
7 1765360908 0.000000 1 0.000000 0.000000 0.000000
4 1765360909 8.000000 1 8.000000 8.000000 8.000000
5 1765360909 0.000000 1 0.000000 0.000000 0.000000
6 1765360909 2.000000 1 2.000000 2.000000 2.000000
7 1765360909 0.000000 1 0.000000 0.000000 0.000000
4 1765360910 8.000000 1 8.000000 8.000000 8.000000
5 1765360910 0.000000 1 0.000000 0.000000 0.000000
6 1765360910 2.000000 1 2.000000 2.000000 2.000000
7 1765360910 0.000000 1 0.000000 0.000000 0.000000
4 1765360911 8.000000 1 8.000000 8.000000 8.000000
5 1765360911 0.000000 1 0.000000 0.000000 0.000000
6 1765360911 2.000000 1 2.000000 2.000000 2.000000
7 1765360911 0.000000 1 0.000000 0.000000 0.000000
4 1765360912 8.000000 1 8.000000 8.000000 8.000000
5 1765360912 0.000000 1 0.000000 0.000000 0.000000
6 1765360912 2.000000 1 2.000000 2.000000 2.000000
7 1765360912 0.000000 1 0.000000 0.000000 0.000000
4 1765360913 8.000000 1 8.000000 8.000000 8.000000
5 1765360913 0.000000 1 0.000000 0.000000 0.000000
6 1765360913 2.000000 1 2.000000 2.000000 2.000000
7 1765360913 0.000000 1 0.000000 0.000000 0.000000
4 1765360914 8.000000 1 8.000000 8.000000 8.000000
5 1765360914 0.000000 1 0.000000 0.000000 0.000000
6 1765360914 2.000000 1 2.000000 2.000000 2.000000
7 1765360914 0.000000 1 0.000000 0.000000 0.000000
4 1765360916 8.000000 1 8.000000 8.000000 8.000000
5 1765360916 0.000000 1 0.000000 0.000000 0.000000
6 1765360916 2.000000 1 2.000000 2.000000 2.000000
7 1765360916 0.000000 1 0.000000 0.000000 0.000000
4 1765360917 8.000000 1 8.000000 8.000000 8.000000
5 1765360917 0.000000 1 0.000000 0.000000 0.000000
6 1765360917 2.000000 1 2.000000 2.000000 2.000000
7 1765360917 0.000000 1 0.000000 0.000000 0.000000
4 1765360918 8.000000 1 8.000000 8.000000 8.000000
5 1765360918 0.000000 1 0.000000 0.000000 0.000000
6 1765360918 2.000000 1 2.000000 2.000000 2.000000
7 1765360918 0.000000 1 0.000000 0.000000 0.000000
4 1765360919 8.000000 1 8.000000 8.000000 8.000000
5 1765360919 0.000000 1 0.000000 0.000000 0.000000
6 1765360919 2.000000 1 2.000000 2.000000 2.000000
7 1765360919 0.000000 1 0.000000 0.000000 0.000000
4 1765360920 8.000000 1 8.000000 8.000000 8.000000
5 1765360920 0.000000 1 0.000000 0.000000 0.000000
6 1765360920 2.000000 1 2.000000 2.000000 2.000000
7 1765360920 0.000000 1 0.000000 0.000000 0.000000
4 1765360921 8.000000 1 8.000000 8.000000 8.000000
5 1765360921 0.000000 1 0.000000 0.000000 0.000000
6 1765360921 2.000000 1 2.000000 2.000000 2.000000
7 1765360921 0.000000 1 0.000000 0.000000 0.000000
4 1765360922 8.000000 1 8.000000 8.000000 8.000000
5 1765360922 0.000000 1 0.000000 0.000000 0.000000
6 1765360922 2.000000 1 2.000000 2.000000 2.000000
7 1765360922 0.000000 1 0.000000 0.000000 0.000000
4 1765360923 7.000000 1 7.000000 7.000000 7.000000
5 1765360923 0.000000 1 0.000000 0.000000 0.000000
6 1765360923 3.000000 1 3.000000 3.000000 3.000000
7 1765360923 0.000000 1 0.000000 0.000000 0.000000
4 1765360924 6.000000 1 6.000000 6.000000 6.000000
5 1765360924 0.000000 1 0.000000 0.000000 0.000000
6 1765360924 4.000000 1 4.000000 4.000000 4.000000
7 1765360924 0.000000 1 0.000000 0.000000 0.000000
4 1765360925 6.000000 1 6.000000 6.000000 6.000000
5 1765360925 0.000000 1 0.000000 0.000000 0.000000
6 1765360925 4.000000 1 4.000000 4.000000 4.000000
7 1765360925 0.000000 1 0.000000 0.000000 0.000000
4 1765360926 6.000000 1 6.000000 6.000000 6.000000
5 1765360926 0.000000 1 0.000000 0.000000 0.000000
6 1765360926 4.000000 1 4.000000 4.000000 4.000000
7 1765360926 0.000000 1 0.000000 0.000000 0.000000
4 1765360927 6.000000 1 6.000000 6.000000 6.000000
5 1765360927 0.000000 1 0.000000 0.000000 0.000000
6 1765360927 4.000000 1 4.000000 4.000000 4.000000
7 1765360927 0.000000 1 0.000000 0.000000 0.000000
4 1765360928 6.000000 1 6.000000 6.000000 6.000000
5 1765360928 0.000000 1 0.000000 0.000000 0.000000
6 1765360928 4.000000 1 4.000000 4.000000 4.000000
7 1765360928 0.000000 1 0.000000 0.000000 0.000000
4 1765360929 6.000000 1 6.000000 6.000000 6.000000
5 1765360929 0.000000 1 0.000000 0.000000 0.000000
6 1765360929 4.000000 1 4.000000 4.000000 4.000000
7 1765360929 0.000000 1 0.000000 0.000000 0.000000
4 1765360930 6.000000 1 6.000000 6.000000 6.000000
5 1765360930 0.000000 1 0.000000 0.000000 0.000000
6 1765360930 4.000000 1 4.000000 4.000000 4.000000
7 1765360930 0.000000 1 0.000000 0.000000 0.000000
4 1765360931 6.000000 1 6.000000 6.000000 6.000000
5 1765360931 0.000000 1 0.000000 0.000000 0.000000
6 1765360931 4.000000 1 4.000000 4.000000 4.000000
7 1765360931 0.000000 1 0.000000 0.000000 0.000000
4 1765360932 6.000000 1 6.000000 6.000000 6.000000
5 1765360932 0.000000 1 0.000000 0.000000 0.000000
6 1765360932 4.000000 1 4.000000 4.000000 4.000000
7 1765360932 0.000000 1 0.000000 0.000000 0.000000
4 1765360933 6.000000 1 6.000000 6.000000 6.000000
5 1765360933 0.000000 1 0.000000 0.000000 0.000000
6 1765360933 4.000000 1 4.000000 4.000000 4.000000
7 1765360933 0.000000 1 0.000000 0.000000 0.000000
4 1765360934 6.000000 1 6.000000 6.000000 6.000000
5 1765360934 0.000000 1 0.000000 0.000000 0.000000
6 1765360934 4.000000 1 4.000000 4.000000 4.000000
7 1765360934 0.000000 1 0.000000 0.000000 0.000000
4 1765360935 6.000000 1 6.000000 6.000000 6.000000
5 1765360935 0.000000 1 0.000000 0.000000 0.000000
6 1765360935 4.000000 1 4.000000 4.000000 4.000000
7 1765360935 0.000000 1 0.000000 0.000000 0.000000
4 1765360936 6.000000 1 6.000000 6.000000 6.000000
5 1765360936 0.000000 1 0.000000 0.000000 0.000000
6 1765360936 4.000000 1 4.000000 4.000000 4.000000
7 1765360936 0.000000 1 0.000000 0.000000 0.000000
4 1765360937 6.000000 1 6.000000 6.000000 6.000000
5 1765360937 0.000000 1 0.000000 0.000000 0.000000
6 1765360937 4.000000 1 4.000000 4.000000 4.000000
7 1765360937 0.000000 1 0.000000 0.000000 0.000000
4 1765360938 6.000000 1 6.000000 6.000000 6.000000
5 1765360938 0.000000 1 0.000000 0.000000 0.000000
6 1765360938 4.000000 1 4.000000 4.000000 4.000000
7 1765360938 0.000000 1 0.000000 0.000000 0.000000
4 1765360939 6.000000 1 6.000000 6.000000 6.000000
5 1765360939 0.000000 1 0.000000 0.000000 0.000000
6 1765360939 4.000000 1 4.000000 4.000000 4.000000
7 1765360939 0.000000 1 0.000000 0.000000 0.000000
4 1765360940 6.000000 1 6.000000 6.000000 6.000000
5 1765360940 0.000000 1 0.000000 0.000000 0.000000
6 1765360940 4.000000 1 4.000000 4.000000 4.000000
7 1765360940 0.000000 1 0.000000 0.000000 0.000000
4 1765360941 6.000000 1 6.000000 6.000000 6.000000
5 1765360941 0.000000 1 0.000000 0.000000 0.000000
6 1765360941 4.000000 1 4.000000 4.000000 4.000000
7 1765360941 0.000000 1 0.000000 0.000000 0.000000
4 1765360942 6.000000 1 6.000000 6.000000 6.000000
5 1765360942 0.000000 1 0.000000 0.000000 0.000000
6 1765360942 4.000000 1 4.000000 4.000000 4.000000
7 1765360942 0.000000 1 0.000000 0.000000 0.000000
4 1765360943 5.000000 1 5.000000 5.000000 5.000000
5 1765360943 0.000000 1 0.000000 0.000000 0.000000
6 1765360943 5.000000 1 5.000000 5.000000 5.000000
7 1765360943 0.000000 1 0.000000 0.000000 0.000000
4 1765360944 5.000000 1 5.000000 5.000000 5.000000
5 1765360944 0.000000 1 0.000000 0.000000 0.000000
6 1765360944 5.000000 1 5.000000 5.000000 5.000000
7 1765360944 0.000000 1 0.000000 0.000000 0.000000
4 1765360945 5.000000 1 5.000000 5.000000 5.000000
5 1765360945 0.000000 1 0.000000 0.000000 0.000000
6 1765360945 5.000000 1 5.000000 5.000000 5.000000
7 1765360945 0.000000 1 0.000000 0.000000 0.000000
4 1765360946 5.000000 1 5.000000 5.000000 5.000000
5 1765360946 0.000000 1 0.000000 0.000000 0.000000
6 1765360946 5.000000 1 5.000000 5.000000 5.000000
7 1765360946 0.000000 1 0.000000 0.000000 0.000000
4 1765360947 5.000000 1 5.000000 5.000000 5.000000
5 1765360947 0.000000 1 0.000000 0.000000 0.000000
6 1765360947 5.000000 1 5.000000 5.000000 5.000000
7 1765360947 0.000000 1 0.000000 0.000000 0.000000
4 1765360948 5.000000 1 5.000000 5.000000 5.000000
5 1765360948 0.000000 1 0.000000 0.000000 0.000000
6 1765360948 5.000000 1 5.000000 5.000000 5.000000
7 1765360948 0.000000 1 0.000000 0.000000 0.000000
4 1765360949 5.000000 1 5.000000 5.000000 5.000000
5 1765360949 0.000000 1 0.000000 0.000000 0.000000
6 1765360949 5.000000 1 5.000000 5.000000 5.000000
7 1765360949 0.000000 1 0.000000 0.000000 0.000000
4 1765360950 5.000000 1 5.000000 5.000000 5.000000
5 1765360950 0.000000 1 0.000000 0.000000 0.000000
6 1765360950 5.000000 1 5.000000 5.000000 5.000000
7 1765360950 0.000000 1 0.000000 0.000000 0.000000
4 1765360951 5.000000 1 5.000000 5.000000 5.000000
5 1765360951 0.000000 1 0.000000 0.000000 0.000000
6 1765360951 5.000000 1 5.000000 5.000000 5.000000
7 1765360951 0.000000 1 0.000000 0.000000 0.000000
4 1765360952 5.000000 1 5.000000 5.000000 5.000000
5 1765360952 0.000000 1 0.000000 0.000000 0.000000
6 1765360952 5.000000 1 5.000000 5.000000 5.000000
7 1765360952 0.000000 1 0.000000 0.000000 0.000000
4 1765360953 5.000000 1 5.000000 5.000000 5.000000
5 1765360953 0.000000 1 0.000000 0.000000 0.000000
6 1765360953 5.000000 1 5.000000 5.000000 5.000000
7 1765360953 0.000000 1 0.000000 0.000000 0.000000
4 1765360954 5.000000 1 5.000000 5.000000 5.000000
5 1765360954 0.000000 1 0.000000 0.000000 0.000000
6 1765360954 5.000000 1 5.000000 5.000000 5.000000
7 1765360954 0.000000 1 0.000000 0.000000 0.000000
4 1765360955 5.000000 1 5.000000 5.000000 5.000000
5 1765360955 0.000000 1 0.000000 0.000000 0.000000
6 1765360955 5.000000 1 5.000000 5.000000 5.000000
7 1765360955 0.000000 1 0.000000 0.000000 0.000000
4 1765360956 5.000000 1 5.000000 5.000000 5.000000
5 1765360956 0.000000 1 0.000000 0.000000 0.000000
6 1765360956 5.000000 1 5.000000 5.000000 5.000000
7 1765360956 0.000000 1 0.000000 0.000000 0.000000
4 1765360957 4.000000 1 4.000000 4.000000 4.000000
5 1765360957 0.000000 1 0.000000 0.000000 0.000000
6 1765360957 6.000000 1 6.000000 6.000000 6.000000
7 1765360957 0.000000 1 0.000000 0.000000 0.000000
4 1765360958 4.000000 1 4.000000 4.000000 4.000000
5 1765360958 0.000000 1 0.000000 0.000000 0.000000
6 1765360958 6.000000 1 6.000000 6.000000 6.000000
7 1765360958 0.000000 1 0.000000 0.000000 0.000000
4 1765360959 4.000000 1 4.000000 4.000000 4.000000
5 1765360959 0.000000 1 0.000000 0.000000 0.000000
6 1765360959 6.000000 1 6.000000 6.000000 6.000000
7 1765360959 0.000000 1 0.000000 0.000000 0.000000
4 1765360960 4.000000 1 4.000000 4.000000 4.000000
5 1765360960 0.000000 1 0.000000 0.000000 0.000000
6 1765360960 6.000000 1 6.000000 6.000000 6.000000
7 1765360960 0.000000 1 0.000000 0.000000 0.000000
4 1765360961 4.000000 1 4.000000 4.000000 4.000000
5 1765360961 0.000000 1 0.000000 0.000000 0.000000
6 1765360961 6.000000 1 6.000000 6.000000 6.000000
7 1765360961 0.000000 1 0.000000 0.000000 0.000000
4 1765360962 4.000000 1 4.000000 4.000000 4.000000
5 1765360962 0.000000 1 0.000000 0.000000 0.000000
6 1765360962 6.000000 1 6.000000 6.000000 6.000000
7 1765360962 0.000000 1 0.000000 0.000000 0.000000
4 1765360963 4.000000 1 4.000000 4.000000 4.000000
5 1765360963 0.000000 1 0.000000 0.000000 0.000000
6 1765360963 6.000000 1 6.000000 6.000000 6.000000
7 1765360963 0.000000 1 0.000000 0.000000 0.000000
4 1765360964 4.000000 1 4.000000 4.000000 4.000000
5 1765360964 0.000000 1 0.000000 0.000000 0.000000
6 1765360964 6.000000 1 6.000000 6.000000 6.000000
7 1765360964 0.000000 1 0.000000 0.000000 0.000000
4 1765360965 4.000000 1 4.000000 4.000000 4.000000
5 1765360965 0.000000 1 0.000000 0.000000 0.000000
6 1765360965 6.000000 1 6.000000 6.000000 6.000000
7 1765360965 0.000000 1 0.000000 0.000000 0.000000
4 1765360966 4.000000 1 4.000000 4.000000 4.000000
5 1765360966 0.000000 1 0.000000 0.000000 0.000000
6 1765360966 6.000000 1 6.000000 6.000000 6.000000
7 1765360966 0.000000 1 0.000000 0.000000 0.000000
4 1765360967 4.000000 1 4.000000 4.000000 4.000000
5 1765360967 0.000000 1 0.000000 0.000000 0.000000
6 1765360967 6.000000 1 6.000000 6.000000 6.000000
7 1765360967 0.000000 1 0.000000 0.000000 0.000000
4 1765360968 4.000000 1 4.000000 4.000000 4.000000
5 1765360968 0.000000 1 0.000000 0.000000 0.000000
6 1765360968 6.000000 1 6.000000 6.000000 6.000000
7 1765360968 0.000000 1 0.000000 0.000000 0.000000
4 1765360969 4.000000 1 4.000000 4.000000 4.000000
5 1765360969 0.000000 1 0.000000 0.000000 0.000000
6 1765360969 6.000000 1 6.000000 6.000000 6.000000
7 1765360969 0.000000 1 0.000000 0.000000 0.000000
4 1765360970 4.000000 1 4.000000 4.000000 4.000000
5 1765360970 0.000000 1 0.000000 0.000000 0.000000
6 1765360970 6.000000 1 6.000000 6.000000 6.000000
7 1765360970 0.000000 1 0.000000 0.000000 0.000000
4 1765360971 4.000000 1 4.000000 4.000000 4.000000
5 1765360971 0.000000 1 0.000000 0.000000 0.000000
6 1765360971 6.000000 1 6.000000 6.000000 6.000000
7 1765360971 0.000000 1 0.000000 0.000000 0.000000
4 1765360972 4.000000 1 4.000000 4.000000 4.000000
5 1765360972 0.000000 1 0.000000 0.000000 0.000000
6 1765360972 6.000000 1 6.000000 6.000000 6.000000
7 1765360972 0.000000 1 0.000000 0.000000 0.000000
4 1765360973 4.000000 1 4.000000 4.000000 4.000000
5 1765360973 0.000000 1 0.000000 0.000000 0.000000
6 1765360973 6.000000 1 6.000000 6.000000 6.000000
7 1765360973 0.000000 1 0.000000 0.000000 0.000000
4 1765360974 4.000000 1 4.000000 4.000000 4.000000
5 1765360974 0.000000 1 0.000000 0.000000 0.000000
6 1765360974 6.000000 1 6.000000 6.000000 6.000000
7 1765360974 0.000000 1 0.000000 0.000000 0.000000
4 1765360975 4.000000 1 4.000000 4.000000 4.000000
5 1765360975 0.000000 1 0.000000 0.000000 0.000000
6 1765360975 6.000000 1 6.000000 6.000000 6.000000
7 1765360975 0.000000 1 0.000000 0.000000 0.000000
4 1765360976 4.000000 1 4.000000 4.000000 4.000000
5 1765360976 0.000000 1 0.000000 0.000000 0.000000
6 1765360976 6.000000 1 6.000000 6.000000 6.000000
7 1765360976 0.000000 1 0.000000 0.000000 0.000000
4 1765360977 4.000000 1 4.000000 4.000000 4.000000
5 1765360977 0.000000 1 0.000000 0.000000 0.000000
6 1765360977 6.000000 1 6.000000 6.000000 6.000000
7 1765360977 0.000000 1 0.000000 0.000000 0.000000
4 1765360978 4.000000 1 4.000000 4.000000 4.000000
5 1765360978 0.000000 1 0.000000 0.000000 0.000000
6 1765360978 6.000000 1 6.000000 6.000000 6.000000
7 1765360978 0.000000 1 0.000000 0.000000 0.000000
4 1765360979 4.000000 1 4.000000 4.000000 4.000000
5 1765360979 0.000000 1 0.000000 0.000000 0.000000
6 1765360979 6.000000 1 6.000000 6.000000 6.000000
7 1765360979 0.000000 1 0.000000 0.000000 0.000000
4 1765360981 4.000000 1 4.000000 4.000000 4.000000
5 1765360981 0.000000 1 0.000000 0.000000 0.000000
6 1765360981 6.000000 1 6.000000 6.000000 6.000000
7 1765360981 0.000000 1 0.000000 0.000000 0.000000
4 1765360982 4.000000 1 4.000000 4.000000 4.000000
5 1765360982 0.000000 1 0.000000 0.000000 0.000000
6 1765360982 6.000000 1 6.000000 6.000000 6.000000
7 1765360982 0.000000 1 0.000000 0.000000 0.000000
4 1765360983 4.000000 1 4.000000 4.000000 4.000000
5 1765360983 0.000000 1 0.000000 0.000000 0.000000
6 1765360983 6.000000 1 6.000000 6.000000 6.000000
7 1765360983 0.000000 1 0.000000 0.000000 0.000000
4 1765360984 4.000000 1 4.000000 4.000000 4.000000
5 1765360984 0.000000 1 0.000000 0.000000 0.000000
6 1765360984 6.000000 1 6.000000 6.000000 6.000000
7 1765360984 0.000000 1 0.000000 0.000000 0.000000
4 1765360985 3.000000 1 3.000000 3.000000 3.000000
5 1765360985 0.000000 1 0.000000 0.000000 0.000000
6 1765360985 7.000000 1 7.000000 7.000000 7.000000
7 1765360985 0.000000 1 0.000000 0.000000 0.000000
4 1765360986 3.000000 1 3.000000 3.000000 3.000000
5 1765360986 0.000000 1 0.000000 0.000000 0.000000
6 1765360986 7.000000 1 7.000000 7.000000 7.000000
7 1765360986 0.000000 1 0.000000 0.000000 0.000000
4 1765360987 3.000000 1 3.000000 3.000000 3.000000
5 1765360987 0.000000 1 0.000000 0.000000 0.000000
6 1765360987 7.000000 1 7.000000 7.000000 7.000000
7 1765360987 0.000000 1 0.000000 0.000000 0.000000
4 1765360988 3.000000 1 3.000000 3.000000 3.000000
5 1765360988 0.000000 1 0.000000 0.000000 0.000000
6 1765360988 7.000000 1 7.000000 7.000000 7.000000
7 1765360988 0.000000 1 0.000000 0.000000 0.000000
4 1765360989 3.000000 1 3.000000 3.000000 3.000000
5 1765360989 0.000000 1 0.000000 0.000000 0.000000
6 1765360989 7.000000 1 7.000000 7.000000 7.000000
7 1765360989 0.000000 1 0.000000 0.000000 0.000000
4 1765360990 3.000000 1 3.000000 3.000000 3.000000
5 1765360990 0.000000 1 0.000000 0.000000 0.000000
6 1765360990 7.000000 1 7.000000 7.000000 7.000000
7 1765360990 0.000000 1 0.000000 0.000000 0.000000
4 1765360991 3.000000 1 3.000000 3.000000 3.000000
5 1765360991 0.000000 1 0.000000 0.000000 0.000000
6 1765360991 7.000000 1 7.000000 7.000000 7.000000
7 1765360991 0.000000 1 0.000000 0.000000 0.000000
4 1765360992 3.000000 1 3.000000 3.000000 3.000000
5 1765360992 0.000000 1 0.000000 0.000000 0.000000
6 1765360992 7.000000 1 7.000000 7.000000 7.000000
7 1765360992 0.000000 1 0.000000 0.000000 0.000000
4 1765360993 3.000000 1 3.000000 3.000000 3.000000
5 1765360993 0.000000 1 0.000000 0.000000 0.000000
6 1765360993 7.000000 1 7.000000 7.000000 7.000000
7 1765360993 0.000000 1 0.000000 0.000000 0.000000
4 1765360994 3.000000 1 3.000000 3.000000 3.000000
5 1765360994 0.000000 1 0.000000 0.000000 0.000000
6 1765360994 7.000000 1 7.000000 7.000000 7.000000
7 1765360994 0.000000 1 0.000000 0.000000 0.000000
4 1765360995 3.000000 1 3.000000 3.000000 3.000000
5 1765360995 0.000000 1 0.000000 0.000000 0.000000
6 1765360995 7.000000 1 7.000000 7.000000 7.000000
7 1765360995 0.000000 1 0.000000 0.000000 0.000000
4 1765360996 3.000000 1 3.000000 3.000000 3.000000
5 1765360996 0.000000 1 0.000000 0.000000 0.000000
6 1765360996 7.000000 1 7.000000 7.000000 7.000000
7 1765360996 0.000000 1 0.000000 0.000000 0.000000
4 1765360997 3.000000 1 3.000000 3.000000 3.000000
5 1765360997 0.000000 1 0.000000 0.000000 0.000000
6 1765360997 7.000000 1 7.000000 7.000000 7.000000
7 1765360997 0.000000 1 0.000000 0.000000 0.000000
4 1765360998 3.000000 1 3.000000 3.000000 3.000000
5 1765360998 0.000000 1 0.000000 0.000000 0.000000
6 1765360998 7.000000 1 7.000000 7.000000 7.000000
7 1765360998 0.000000 1 0.000000 0.000000 0.000000
4 1765360999 3.000000 1 3.000000 3.000000 3.000000
5 1765360999 0.000000 1 0.000000 0.000000 0.000000
6 1765360999 7.000000 1 7.000000 7.000000 7.000000
7 1765360999 0.000000 1 0.000000 0.000000 0.000000
4 1765361000 3.000000 1 3.000000 3.000000 3.000000
5 1765361000 0.000000 1 0.000000 0.000000 0.000000
6 1765361000 7.000000 1 7.000000 7.000000 7.000000
7 1765361000 0.000000 1 0.000000 0.000000 0.000000
4 1765361001 3.000000 1 3.000000 3.000000 3.000000
5 1765361001 0.000000 1 0.000000 0.000000 0.000000
6 1765361001 7.000000 1 7.000000 7.000000 7.000000
7 1765361001 0.000000 1 0.000000 0.000000 0.000000
4 1765361002 3.000000 1 3.000000 3.000000 3.000000
5 1765361002 0.000000 1 0.000000 0.000000 0.000000
6 1765361002 7.000000 1 7.000000 7.000000 7.000000
7 1765361002 0.000000 1 0.000000 0.000000 0.000000
4 1765361003 2.000000 1 2.000000 2.000000 2.000000
5 1765361003 0.000000 1 0.000000 0.000000 0.000000
6 1765361003 8.000000 1 8.000000 8.000000 8.000000
7 1765361003 0.000000 1 0.000000 0.000000 0.000000
4 1765361004 2.000000 1 2.000000 2.000000 2.000000
5 1765361004 0.000000 1 0.000000 0.000000 0.000000
6 1765361004 8.000000 1 8.000000 8.000000 8.000000
7 1765361004 0.000000 1 0.000000 0.000000 0.000000
4 1765361005 2.000000 1 2.000000 2.000000 2.000000
5 1765361005 0.000000 1 0.000000 0.000000 0.000000
6 1765361005 8.000000 1 8.000000 8.000000 8.000000
7 1765361005 0.000000 1 0.000000 0.000000 0.000000
4 1765361006 2.000000 1 2.000000 2.000000 2.000000
5 1765361006 0.000000 1 0.000000 0.000000 0.000000
6 1765361006 8.000000 1 8.000000 8.000000 8.000000
7 1765361006 0.000000 1 0.000000 0.000000 0.000000
4 1765361007 2.000000 1 2.000000 2.000000 2.000000
5 1765361007 0.000000 1 0.000000 0.000000 0.000000
6 1765361007 8.000000 1 8.000000 8.000000 8.000000
7 1765361007 0.000000 1 0.000000 0.000000 0.000000
4 1765361008 2.000000 1 2.000000 2.000000 2.000000
5 1765361008 0.000000 1 0.000000 0.000000 0.000000
6 1765361008 8.000000 1 8.000000 8.000000 8.000000
7 1765361008 0.000000 1 0.000000 0.000000 0.000000
4 1765361009 2.000000 1 2.000000 2.000000 2.000000
5 1765361009 0.000000 1 0.000000 0.000000 0.000000
6 1765361009 8.000000 1 8.000000 8.000000 8.000000
7 1765361009 0.000000 1 0.000000 0.000000 0.000000
4 1765361010 2.000000 1 2.000000 2.000000 2.000000
5 1765361010 0.000000 1 0.000000 0.000000 0.000000
6 1765361010 8.000000 1 8.000000 8.000000 8.000000
7 1765361010 0.000000 1 0.000000 0.000000 0.000000
4 1765361011 2.000000 1 2.000000 2.000000 2.000000
5 1765361011 0.000000 1 0.000000 0.000000 0.000000
6 1765361011 8.000000 1 8.000000 8.000000 8.000000
7 1765361011 0.000000 1 0.000000 0.000000 0.000000
4 1765361012 2.000000 1 2.000000 2.000000 2.000000
5 1765361012 0.000000 1 0.000000 0.000000 0.000000
6 1765361012 8.000000 1 8.000000 8.000000 8.000000
7 1765361012 0.000000 1 0.000000 0.000000 0.000000
4 1765361013 2.000000 1 2.000000 2.000000 2.000000
5 1765361013 0.000000 1 0.000000 0.000000 0.000000
6 1765361013 8.000000 1 8.000000 8.000000 8.000000
7 1765361013 0.000000 1 0.000000 0.000000 0.000000
4 1765361014 2.000000 1 2.000000 2.000000 2.000000
5 1765361014 0.000000 1 0.000000 0.000000 0.000000
6 1765361014 8.000000 1 8.000000 8.000000 8.000000
7 1765361014 0.000000 1 0.000000 0.000000 0.000000
4 1765361015 2.000000 1 2.000000 2.000000 2.000000
5 1765361015 0.000000 1 0.000000 0.000000 0.000000
6 1765361015 8.000000 1 8.000000 8.000000 8.000000
7 1765361015 0.000000 1 0.000000 0.000000 0.000000
4 1765361016 2.000000 1 2.000000 2.000000 2.000000
5 1765361016 0.000000 1 0.000000 0.000000 0.000000
6 1765361016 8.000000 1 8.000000 8.000000 8.000000
7 1765361016 0.000000 1 0.000000 0.000000 0.000000
4 1765361017 2.000000 1 2.000000 2.000000 2.000000
5 1765361017 0.000000 1 0.000000 0.000000 0.000000
6 1765361017 8.000000 1 8.000000 8.000000 8.000000
7 1765361017 0.000000 1 0.000000 0.000000 0.000000
4 1765361018 2.000000 1 2.000000 2.000000 2.000000
5 1765361018 0.000000 1 0.000000 0.000000 0.000000
6 1765361018 8.000000 1 8.000000 8.000000 8.000000
7 1765361018 0.000000 1 0.000000 0.000000 0.000000
4 1765361019 1.000000 1 1.000000 1.000000 1.000000
5 1765361019 0.000000 1 0.000000 0.000000 0.000000
6 1765361019 9.000000 1 9.000000 9.000000 9.000000
7 1765361019 0.000000 1 0.000000 0.000000 0.000000
4 1765361020 1.000000 1 1.000000 1.000000 1.000000
5 1765361020 0.000000 1 0.000000 0.000000 0.000000
6 1765361020 9.000000 1 9.000000 9.000000 9.000000
7 1765361020 0.000000 1 0.000000 0.000000 0.000000
4 1765361021 1.000000 1 1.000000 1.000000 1.000000
5 1765361021 0.000000 1 0.000000 0.000000 0.000000
6 1765361021 9.000000 1 9.000000 9.000000 9.000000
7 1765361021 0.000000 1 0.000000 0.000000 0.000000
4 1765361022 1.000000 1 1.000000 1.000000 1.000000
5 1765361022 0.000000 1 0.000000 0.000000 0.000000
6 1765361022 9.000000 1 9.000000 9.000000 9.000000
7 1765361022 0.000000 1 0.000000 0.000000 0.000000
4 1765361023 1.000000 1 1.000000 1.000000 1.000000
5 1765361023 0.000000 1 0.000000 0.000000 0.000000
6 1765361023 9.000000 1 9.000000 9.000000 9.000000
7 1765361023 0.000000 1 0.000000 0.000000 0.000000
4 1765361024 1.000000 1 1.000000 1.000000 1.000000
5 1765361024 0.000000 1 0.000000 0.000000 0.000000
6 1765361024 9.000000 1 9.000000 9.000000 9.000000
7 1765361024 0.000000 1 0.000000 0.000000 0.000000
4 1765361025 1.000000 1 1.000000 1.000000 1.000000
5 1765361025 0.000000 1 0.000000 0.000000 0.000000
6 1765361025 9.000000 1 9.000000 9.000000 9.000000
7 1765361025 0.000000 1 0.000000 0.000000 0.000000
4 1765361026 1.000000 1 1.000000 1.000000 1.000000
5 1765361026 0.000000 1 0.000000 0.000000 0.000000
6 1765361026 9.000000 1 9.000000 9.000000 9.000000
7 1765361026 0.000000 1 0.000000 0.000000 0.000000
4 1765361027 1.000000 1 1.000000 1.000000 1.000000
5 1765361027 0.000000 1 0.000000 0.000000 0.000000
6 1765361027 9.000000 1 9.000000 9.000000 9.000000
7 1765361027 0.000000 1 0.000000 0.000000 0.000000
4 1765361028 1.000000 1 1.000000 1.000000 1.000000
5 1765361028 0.000000 1 0.000000 0.000000 0.000000
6 1765361028 9.000000 1 9.000000 9.000000 9.000000
7 1765361028 0.000000 1 0.000000 0.000000 0.000000
4 1765361029 1.000000 1 1.000000 1.000000 1.000000
5 1765361029 0.000000 1 0.000000 0.000000 0.000000
6 1765361029 9.000000 1 9.000000 9.000000 9.000000
7 1765361029 0.000000 1 0.000000 0.000000 0.000000
4 1765361030 1.000000 1 1.000000 1.000000 1.000000
5 1765361030 0.000000 1 0.000000 0.000000 0.000000
6 1765361030 9.000000 1 9.000000 9.000000 9.000000
7 1765361030 0.000000 1 0.000000 0.000000 0.000000
4 1765361031 1.000000 1 1.000000 1.000000 1.000000
5 1765361031 0.000000 1 0.000000 0.000000 0.000000
6 1765361031 9.000000 1 9.000000 9.000000 9.000000
7 1765361031 0.000000 1 0.000000 0.000000 0.000000
4 1765361032 1.000000 1 1.000000 1.000000 1.000000
5 1765361032 0.000000 1 0.000000 0.000000 0.000000
6 1765361032 9.000000 1 9.000000 9.000000 9.000000
7 1765361032 0.000000 1 0.000000 0.000000 0.000000
4 1765361033 1.000000 1 1.000000 1.000000 1.000000
5 1765361033 0.000000 1 0.000000 0.000000 0.000000
6 1765361033 9.000000 1 9.000000 9.000000 9.000000
7 1765361033 0.000000 1 0.000000 0.000000 0.000000
4 1765361034 0.000000 1 0.000000 0.000000 0.000000
5 1765361034 0.000000 1 0.000000 0.000000 0.000000
6 1765361034 10.000000 1 10.000000 10.000000 10.000000
7 1765361034 0.000000 1 0.000000 0.000000 0.000000
